"sample_id" "coord_x" "coord_y" "clay" "carbon" "ecec"
"sm-dnos-001" 229470.402272538 6716589.99676106 44 4.5045045045045 4.3
"sm-dnos-002" 229532.231998858 6716669.92053786 102 7.20720720720721 5.2
"sm-dnos-003" 229530.762250014 6716706.71534464 99 9.00900900900901 6.7
"sm-dnos-004" 229496.88490131 6716697.13354569 82 17.1171171171171 6.9
"sm-dnos-005" 229633.681833425 6716641.97337255 100 11.7117117117117 5.4
"sm-dnos-006" 229577.85079467 6716739.0247299 156 9.90990990990991 6
"sm-dnos-007" 229599.863713201 6716738.33579399 169 11.7117117117117 6.3
"sm-dnos-008" 229560.904753306 6716903.13161401 102 10.8108108108108 4.5
"sm-dnos-009" 229552.046791044 6716973.0284245 68 8.10810810810811 3.1
"sm-dnos-010" 229619.035074596 6716959.78003695 91 9.90990990990991 3.6
"sm-dnos-011" 229638.88197576 6716952.49357607 69 5.40540540540541 3.5
"sm-dnos-012" 229715.387023137 6716817.89018388 110 10.8108108108108 3.6
"sm-dnos-013" 229735.232401322 6716878.93912789 76 9.00900900900901 3.6
"sm-dnos-014" 229676.437014838 6716898.04349119 115 13.5135135135135 11.3
"sm-dnos-015" 229655.833139014 6716896.5479191 143 13.5135135135135 11.5
"sm-dnos-016" 229666.122956041 6717056.43085928 109 10.8108108108108 4.7
"sm-dnos-017" 229660.185979712 6717097.66614807 87 9.00900900900901 4
"sm-dnos-018" 229688.190979039 6717157.9135901 44 3.6036036036036 1.1
"sm-dnos-019" 229700.675500309 6717210.79766301 78 14.4144144144144 4.5
"sm-dnos-020" 229770.54351124 6717106.31879659 79 6.30630630630631 3.4
"sm-dnos-021" 229547.679404459 6716431.4512421 105 7.20720720720721 9.3
"sm-dnos-022" 229908.158283337 6716928.92520461 81 4.5045045045045 2.2
"sm-dnos-023" 229956.843515679 6716891.04996277 70 2.7027027027027 1.9
"sm-dnos-024" 230069.129002984 6716843.72463277 39 2.7027027027027 0.8
"sm-dnos-025" 230227.355903765 6716743.59076686 50 7.20720720720721 1.5
"sm-dnos-026" 230234.140009598 6716727.44684562 58 6.30630630630631 1.6
"sm-dnos-027" 230255.468224615 6717008.73405855 122 18.018018018018 10.1
"sm-dnos-028" 230216.282280014 6717030.42106158 53 4.5045045045045 1.6
"sm-dnos-029" 230320.593566368 6717173.48540989 44 4.5045045045045 1.1
"sm-dnos-030" 230595.744121142 6717619.06823535 58 7.20720720720721 1.8
"sm-dnos-031" 230611.005867996 6717677.56422117 76 9.00900900900901 4.6
"sm-dnos-032" 230521.536952835 6717464.97232914 83 4.5045045045045 1.7
"sm-dnos-033" 230563.370847601 6717333.19090336 115 16.2162162162162 5.5
"sm-dnos-034" 230275.554106736 6717212.8921123 75 6.30630630630631 1.7
"sm-dnos-035" 229764.363759631 6716555.04784308 113 15.3153153153153 2.7
"sm-dnos-036" 229886.206239932 6716714.07101056 116 7.20720720720721 4.4
"sm-dnos-037" 230003.364208882 6716745.96000211 55 9.00900900900901 1.8
"sm-dnos-038" 230038.756972599 6716644.42075004 66 5.40540540540541 1.3
"sm-dnos-039" 230115.459096107 6716537.55351745 33 4.5045045045045 1
"sm-dnos-040" 229954.39728525 6716510.15389519 117 8.10810810810811 2.9
"sm-dnos-041" 229843.44078009 6716373.91352832 85 6.30630630630631 2.8
"sm-dnos-042" 230068.96007521 6716215.389724 91 7.20720720720721 3.8
"sm-dnos-043" 230092.332196007 6716242.68808855 104 5.40540540540541 4
"sm-dnos-044" 229892.079288963 6716269.58795979 69 7.20720720720721 2.4
"sm-dnos-045" 229299.872231492 6716292.78725201 230 13.5135135135135 8.6
"sm-dnos-046" 229355.638188531 6716290.69585838 219 17.1171171171171 5.9
"sm-dnos-047" 229223.808745844 6716216.62228372 243 13.5135135135135 16.1
"sm-dnos-048" 229051.936258387 6716227.7749998 113 11.7117117117117 3.8
"sm-dnos-049" 229004.270641453 6716279.53794859 160 18.018018018018 6.8
"sm-dnos-050" 228968.728648263 6716374.85882916 163 13.5135135135135 6.6
"sm-dnos-051" 229091.444963502 6716381.0445595 91 3.6036036036036 2.9
"sm-dnos-052" 229164.496402622 6716333.33407221 125 12.6126126126126 4.1
"sm-dnos-053" 229362.408007964 6716335.34430484 160 8.10810810810811 7.4
"sm-dnos-054" 229475.212335234 6715933.49018227 89 17.1171171171171 5.5
"sm-dnos-055" 229101.797367399 6716081.21545288 80 10.8108108108108 3.2
"sm-dnos-056" 228955.702170653 6716012.22906454 88 9.00900900900901 3.1
"sm-dnos-057" 228760.964501486 6715951.38122222 102 15.3153153153153 3.2
"sm-dnos-058" 228832.00557652 6715902.62589299 79 8.10810810810811 2.1
"sm-dnos-059" 229441.853790175 6715974.72865439 51 6.30630630630631 1.5
"sm-dnos-060" 229724.367183217 6716164.59193472 106 7.20720720720721 5.6
"sm-dnos-061" 229612.766970111 6716079.36300724 64 6.30630630630631 3.3
"sm-dnos-062" 229000.140854553 6716426.20528837 146 9.00900900900901 4.9
"sm-dnos-063" 228225.9639933 6716392.58336158 85 10.8108108108108 5.8
"sm-dnos-064" 228292.67195892 6716450.77895275 70 9.90990990990991 2.1
"sm-dnos-065" 228357.059140132 6716512.80054883 51 7.20720720720721 1.4
"sm-dnos-066" 228172.41279171 6716562.90191102 40 4.5045045045045 1.2
"sm-dnos-067" 227936.174235724 6716594.663362 52 6.30630630630631 2.2
"sm-dnos-068" 227975.731467655 6716625.68769324 37 5.40540540540541 1.7
"sm-dnos-069" 228494.119799747 6716586.90032832 87 10.8108108108108 2.6
"sm-dnos-070" 228641.183886827 6716524.12428936 113 12.6126126126126 3.7
"sm-dnos-071" 228543.522546051 6716387.6369296 111 10.8108108108108 3.8
"sm-dnos-072" 228697.053507281 6716393.79714759 121 10.8108108108108 2.9
"sm-dnos-073" 228637.387662852 6716292.84267269 216 23.4234234234234 9.7
"sm-dnos-074" 228763.906059528 6716105.9855828 38 5.40540540540541 1.4
"sm-dnos-075" 228769.324773522 6716246.33921102 80 10.8108108108108 2.9
"sm-dnos-076" 228770.932713631 6716508.07477988 113 12.6126126126126 4.4
"sm-dnos-077" 228794.190533456 6716800.17596325 126 10.8108108108108 5.8
"sm-dnos-078" 228937.691435857 6716864.66327454 176 18.018018018018 7.8
"sm-dnos-079" 229071.236193755 6716811.98230464 183 18.9189189189189 9.8
"sm-dnos-080" 229273.696749136 6716970.96512092 134 12.6126126126126 8
"sm-dnos-081" 229075.084439781 6716993.45412679 152 11.7117117117117 6.3
"sm-dnos-082" 228876.544633843 6717113.00974529 73 6.30630630630631 2.8
"sm-dnos-083" 228761.005424914 6717150.26096718 124 9.90990990990991 4.5
"sm-dnos-084" 228733.376783155 6716890.55809279 116 11.7117117117117 6.7
"sm-dnos-085" 228916.708692749 6716582.49109133 148 13.5135135135135 5.2
"sm-dnos-086" 229071.906081769 6716539.87479345 228 17.1171171171171 9.1
"sm-dnos-087" 229220.749848944 6716691.90462536 148 14.4144144144144 4.8
"sm-dnos-088" 229237.836221336 6716822.88797061 90 8.10810810810811 3.9
"sm-dnos-089" 229442.982989006 6716762.39269413 119 10.8108108108108 3.5
"sm-dnos-090" 229354.53681203 6716649.09966159 147 12.6126126126126 3.6
"sm-dnos-091" 229325.014492348 6716419.19499549 148 16.2162162162162 5.1
"sm-dnos-092" 229502.6471347 6716205.72110368 77 9.00900900900901 2.2
"sm-dnos-093" 229195.319430738 6715928.16800255 114 12.6126126126126 3.9
"sm-dnos-094" 228926.163770144 6716143.74906547 55 8.10810810810811 1.9
"sm-dnos-095" 228340.498728474 6716216.7549558 161 21.6216216216216 10.6
"sm-dnos-096" 228551.359727366 6716036.27176756 143 24.3243243243243 12.6
"sm-dnos-097" 228454.895750166 6715882.61697617 160 26.1261261261261 9.7
"sm-dnos-098" 228266.069216044 6715857.84664524 167 20.7207207207207 3.8
"sm-dnos-099" 228230.7447612 6715983.90029708 50 7.20720720720721 1.5
"sm-dnos-100" 228043.642787985 6716135.44579113 266 27.9279279279279 12.1
"sm-dnos-101" 227945.203599162 6716310.66409064 63 9.90990990990991 1.6
"sm-dnos-102" 227614.553282398 6716308.06420307 214 20.7207207207207 6.3
"sm-dnos-103" 227421.779112246 6716508.94047799 126 14.4144144144144 2.9
"sm-dnos-104" 227240.478478932 6716692.01072015 229 16.2162162162162 15.7
"sm-dnos-105" 227114.007372641 6716947.19197452 140 15.3153153153153 4
"sm-dnos-106" 226913.325657469 6716978.68962557 219 20.7207207207207 5.2
"sm-dnos-107" 227001.698020386 6717229.45314415 321 43.2432432432432 23.4
"sm-dnos-108" 227234.767802248 6717145.49234291 282 21.6216216216216 10.7
"sm-dnos-109" 227313.938588912 6717300.84484708 276 32.4324324324324 24.3
"sm-dnos-110" 227373.964236801 6717096.07424252 199 21.6216216216216 6.5
"sm-dnos-111" 227335.417168705 6716856.28950073 205 18.9189189189189 4.1
"sm-dnos-112" 227870.22250759 6716126.46337491 196 15.3153153153153 4.8
"sm-dnos-113" 228245.622609082 6716265.26211526 96 14.4144144144144 6.1
"sm-dnos-114" 228081.351076194 6716537.94997503 68 6.30630630630631 2.3
"sm-dnos-115" 227695.950824812 6716726.49869799 112 21.6216216216216 13.6
"sm-dnos-116" 227670.411031069 6716545.38428715 35 4.5045045045045 1.1
"sm-dnos-117" 227523.712431544 6716724.30768306 37 6.30630630630631 1.7
"sm-dnos-118" 227598.746997254 6716910.28698811 131 26.1261261261261 7.2
"sm-dnos-119" 227565.689065949 6717086.20499491 75 28.8288288288288 17.9
"sm-dnos-120" 227571.488426186 6717321.97500679 76 9.90990990990991 4.7
"sm-dnos-121" 227766.327675351 6717363.54116778 307 41.4414414414414 50.1
"sm-dnos-122" 227870.584806801 6717611.57516974 55 4.5045045045045 1.4
"sm-dnos-123" 228620.456038432 6716711.76878805 141 14.4144144144144 6
"sm-dnos-124" 228323.022685034 6716813.49862538 73 6.30630630630631 2.2
"sm-dnos-125" 228077.883519503 6716824.52451911 77 4.5045045045045 1.7
"sm-dnos-126" 227857.602091499 6716773.58093685 81 6.30630630630631 2.1
"sm-dnos-127" 227797.144753388 6716996.53623703 58 4.5045045045045 1.4
"sm-dnos-128" 228072.3699198 6717027.73637774 60 3.6036036036036 1.2
"sm-dnos-129" 228326.781492389 6717034.13004564 59 4.5045045045045 1.7
"sm-dnos-130" 228538.00943053 6717027.04694326 67 5.40540540540541 2.6
"sm-dnos-131" 228443.480182738 6717436.88188328 67 4.5045045045045 1.8
"sm-dnos-132" 228518.95635154 6717225.49268854 154 8.10810810810811 5.2
"sm-dnos-133" 228264.219297021 6717320.26932198 75 4.5045045045045 1.9
"sm-dnos-134" 227999.662193701 6717244.51547601 209 24.3243243243243 21.8
"sm-dnos-135" 227769.172758887 6717226.49310619 214 29.7297297297297 42.9
"sm-dnos-136" 227511.066019951 6717666.73848425 195 18.018018018018 27.1
"sm-dnos-137" 227499.84047513 6717482.75477536 86 7.20720720720721 3.3
"sm-dnos-138" 227980.152513373 6717497.3087743 83 7.20720720720721 2.2
"sm-dnos-139" 228278.300194039 6717638.7743728 126 8.10810810810811 3.1
"sm-dnos-140" 230131.348339965 6717696.30866645 319 79.2792792792793 24.5
"sm-dnos-141" 229841.485045117 6717552.09916563 171 12.6126126126126 12.5
"sm-dnos-142" 230044.83392473 6717940.72013737 298 53.1531531531531 27.2
"sm-dnos-143" 230269.034238858 6718136.03653643 298 53.1531531531531 21.7
"sm-dnos-144" 230022.397990352 6718176.1361064 295 30.6306306306306 32.5
"sm-dnos-145" 230306.604728794 6718443.45008175 360 90.0900900900901 47.9
"sm-dnos-146" 230563.776426651 6718360.33306514 232 23.4234234234234 16.5
"sm-dnos-147" 231827.458027476 6717815.78608647 268 21.6216216216216 6.4
"sm-dnos-148" 231537.552033406 6717826.26162359 144 20.7207207207207 7.1
"sm-dnos-149" 231247.233874242 6717942.77155222 121 22.5225225225225 11.4
"sm-dnos-150" 231172.364503501 6718163.28526982 161 19.8198198198198 10.7
"sm-dnos-151" 231497.468528378 6718120.04896607 324 26.1261261261261 6.9
"sm-dnos-152" 231789.510207208 6718077.34356384 316 16.2162162162162 5.7
"sm-dnos-153" 231412.570816311 6718419.52943371 764 44.1441441441441 10.2
"sm-dnos-154" 231803.366300339 6718373.08741692 405 16.2162162162162 5.4
"sm-dnos-155" 231715.311318356 6718654.96662621 390 18.018018018018 4.8
"sm-dnos-156" 231238.016750874 6718949.70803783 132 18.018018018018 7.9
"sm-dnos-157" 231631.98431531 6718949.71582702 238 25.2252252252252 7.1
"sm-dnos-158" 231575.964166238 6719237.2422419 456 18.018018018018 6.1
"sm-dnos-159" 229521.193409638 6717697.24063548 120 12.6126126126126 20
"sm-dnos-160" 229324.111848262 6717916.68112618 255 27.027027027027 8.7
"sm-dnos-161" 229678.084112102 6717878.18819799 82 10.8108108108108 5
"sm-dnos-162" 229541.921392608 6718091.22518457 314 28.8288288288288 20
"sm-dnos-163" 229722.980068619 6718174.46687778 70 7.20720720720721 3.2
"sm-dnos-164" 229607.598044999 6718433.93263675 123 10.8108108108108 12.6
"sm-dnos-165" 229532.777226486 6718638.90913477 78 7.20720720720721 2.7
"sm-dnos-166" 229637.064537799 6718650.74316086 48 4.5045045045045 0.8
"sm-dnos-167" 229872.994510311 6718846.34939036 94 9.90990990990991 21.2
"sm-dnos-168" 229915.180216391 6718571.69502117 277 54.9549549549549 28.2
"sm-dnos-169" 228130.932378092 6717769.32160922 118 9.00900900900901 3.5
"sm-dnos-170" 229825.064486152 6715649.51212044 58 5.40540540540541 3.8
"sm-dnos-171" 229816.342690025 6715456.83027648 38 4.5045045045045 4.2
"sm-dnos-172" 229920.108194897 6715509.1431035 47 5.40540540540541 5
"sm-dnos-173" 230107.512005052 6715600.74493746 180 13.5135135135135 5.3
"sm-dnos-174" 229791.981852012 6715928.37982203 92 9.00900900900901 15.1
"sm-dnos-175" 230056.866981681 6715969.37901423 76 11.7117117117117 5
"sm-dnos-176" 230377.684713316 6716407.86328461 63 7.20720720720721 2.7
"sm-dnos-177" 230577.226485035 6716603.91413001 104 21.6216216216216 33.4
"sm-dnos-178" 230507.571433105 6716840.96787656 244 71.1711711711712 22.4
"sm-dnos-179" 230831.793820656 6716917.76287702 170 12.6126126126126 10.5
"sm-dnos-180" 230997.363202357 6717209.72191284 137 22.5225225225225 6
"sm-dnos-181" 231083.667666329 6717417.13056043 190 25.2252252252252 7.3
"sm-dnos-182" 231202.233008994 6717608.89396945 105 11.7117117117117 7.5
"sm-dnos-183" 231572.627156987 6717608.01018755 176 12.6126126126126 10.3
"sm-dnos-184" 231425.307235689 6718688.84578312 158 36.036036036036 13.7
"sm-dnos-185" 231287.661625798 6719219.6874049 274 14.4144144144144 5.1
"sm-dnos-186" 230906.750426174 6718953.85390458 202 21.6216216216216 10.9
"sm-dnos-187" 230910.233794513 6719200.43031359 314 15.3153153153153 4.8
"sm-dnos-188" 230501.475404323 6719258.83724134 246 22.5225225225225 4.2
"sm-dnos-189" 230307.05935289 6719177.9516429 215 21.6216216216216 9.6
"sm-dnos-190" 230300.956197573 6719508.2754481 327 18.9189189189189 4
"sm-dnos-191" 230097.872780611 6719694.74983873 454 18.018018018018 4
"sm-dnos-192" 230002.911020856 6719935.29771757 413 21.6216216216216 4.5
"sm-dnos-193" 229826.809693741 6720292.8119789 329 72.972972972973 12.1
"sm-dnos-194" 229660.15951535 6720555.37093292 374 18.9189189189189 4.9
"sm-dnos-195" 229516.307520064 6720258.03937975 257 25.2252252252252 7.4
"sm-dnos-196" 229287.974781277 6720690.38846378 420 18.9189189189189 5.3
"sm-dnos-197" 229431.810524697 6720996.48617336 408 22.5225225225225 4.6
"sm-dnos-198" 229158.604406378 6721106.48654682 491 16.2162162162162 5.4
"sm-dnos-199" 228989.51762471 6720886.85840229 281 15.3153153153153 3.4
"sm-dnos-200" 229174.353369867 6720421.95861377 397 18.9189189189189 4
"sm-dnos-201" 229135.114906867 6720152.21725679 403 27.027027027027 5.8
"sm-dnos-202" 229897.483347447 6719499.45214362 319 57.6576576576577 10.9
"sm-dnos-203" 229717.660376733 6719561.01424618 298 36.9369369369369 10.9
"sm-dnos-204" 229620.119546932 6719956.47223942 381 33.3333333333333 13.2
"sm-dnos-205" 229325.696303858 6719938.61019023 324 36.9369369369369 8.5
"sm-dnos-206" 229531.911060607 6719522.59003845 269 23.4234234234234 5
"sm-dnos-207" 229079.353907598 6719543.39325481 308 25.2252252252252 7.3
"sm-dnos-208" 228996.255061369 6719877.73913946 401 41.4414414414414 13
"sm-dnos-209" 228769.75393279 6719055.4504574 338 29.7297297297297 19.7
"sm-dnos-210" 228808.609119307 6719556.81747352 305 15.3153153153153 4.7
"sm-dnos-211" 228683.133203291 6719775.43042999 252 20.7207207207207 4.5
"sm-dnos-212" 228362.206520028 6719707.42424631 280 18.018018018018 3.7
"sm-dnos-213" 228433.138652921 6719976.38480234 275 61.2612612612613 12.2
"sm-dnos-214" 228744.678841326 6720220.43650007 267 48.6486486486486 12.1
"sm-dnos-215" 226656.286475079 6719619.60383413 238 16.2162162162162 4.6
"sm-dnos-216" 227012.102804572 6719802.99577267 218 27.9279279279279 15.8
"sm-dnos-217" 227288.64425088 6719934.41579945 154 17.1171171171171 21.1
"sm-dnos-218" 227157.927532484 6720398.94429856 294 29.7297297297297 6.1
"sm-dnos-219" 227290.348922745 6720223.11327984 166 24.3243243243243 19.2
"sm-dnos-220" 227534.704891808 6720594.69611853 209 28.8288288288288 21.6
"sm-dnos-221" 227632.723056281 6720362.44699003 263 26.1261261261261 9.7
"sm-dnos-222" 227563.673868607 6720072.44779798 186 25.2252252252252 8.8
"sm-dnos-223" 227926.988387482 6720307.46398969 146 24.3243243243243 19.2
"sm-dnos-224" 227657.115388519 6721090.66674177 322 27.9279279279279 4.9
"sm-dnos-225" 227915.961068573 6720758.14942123 297 33.3333333333333 9.1
"sm-dnos-226" 228140.934980763 6720526.75624421 292 41.4414414414414 10.5
"sm-dnos-227" 227220.657294002 6719541.49004291 73 6.30630630630631 3.8
"sm-dnos-228" 227340.376227363 6719261.84673283 90 18.9189189189189 37.3
"sm-dnos-229" 227528.269462916 6718968.43944172 96 13.5135135135135 10.5
"sm-dnos-230" 227765.659042671 6718775.63053351 88 10.8108108108108 3.3
"sm-dnos-231" 227580.875456404 6718594.42071693 103 13.5135135135135 11.8
"sm-dnos-232" 226921.199242442 6719599.32184064 238 35.1351351351351 20.8
"sm-dnos-233" 227046.471253664 6719330.79883141 134 120.720720720721 44.6
"sm-dnos-234" 227099.475204713 6719040.6585566 269 43.2432432432432 26
"sm-dnos-235" 227334.70380685 6718833.4944835 267 27.9279279279279 18.9
"sm-dnos-236" 227258.090886085 6718556.50849037 195 18.018018018018 9.6
"sm-dnos-237" 227640.884342447 6717955.55512815 277 27.9279279279279 56.1
"sm-dnos-238" 227465.935420554 6717976.37401124 147 18.018018018018 60.9
"sm-dnos-239" 227504.643434831 6718261.7559657 207 20.7207207207207 8.4
"sm-dnos-240" 227208.854743169 6718218.06325703 305 29.7297297297297 12.1
"sm-dnos-241" 227214.582053339 6717815.50260062 216 30.6306306306306 11.4
"sm-dnos-242" 226842.674746683 6717312.88508702 158 67.5675675675676 14.1
"sm-dnos-243" 227315.990217061 6717431.57816482 152 20.7207207207207 12.5
"sm-dnos-244" 227802.013043266 6718479.87045889 83 13.5135135135135 7.5
"sm-dnos-245" 227853.645497882 6718169.50492666 78 7.20720720720721 5.1
"sm-dnos-246" 228151.283681124 6718324.71578355 71 5.40540540540541 2
"sm-dnos-247" 228383.494164776 6718288.63319728 101 18.9189189189189 12.2
"sm-dnos-248" 227913.53827807 6717866.10692566 90 9.00900900900901 5.7
"sm-dnos-249" 228192.393584318 6720151.26691146 155 30.6306306306306 44.9
"sm-dnos-250" 228835.92754297 6720535.70030729 343 17.1171171171171 5.6
"sm-dnos-251" 228406.852238212 6720361.46967914 340 18.018018018018 5.9
"sm-dnos-252" 227979.892652529 6721019.95410382 364 22.5225225225225 5.4
"sm-dnos-253" 227468.880299985 6721325.27411313 323 23.4234234234234 4.9
"sm-dnos-254" 227710.000136388 6721456.0408245 253 22.5225225225225 4.1
"sm-dnos-255" 227902.022674742 6721292.96399783 319 18.9189189189189 4.6
"sm-dnos-256" 228525.866147467 6720654.66721398 287 23.4234234234234 4.7
"sm-dnos-257" 228629.92666203 6720973.23794824 304 23.4234234234234 5.4
"sm-dnos-258" 227799.095122315 6719745.910856 149 37.8378378378378 27.5
"sm-dnos-259" 228622.979553111 6721501.00819471 470 23.4234234234234 8.8
"sm-dnos-260" 228505.016272204 6721263.97165566 307 26.1261261261261 4.9
"sm-dnos-261" 228720.070537051 6721751.51618133 496 28.8288288288288 9.3
"sm-dnos-262" 228948.975755319 6721566.01780397 387 22.5225225225225 5.8
"sm-dnos-263" 229156.972154148 6721390.99332819 324 18.018018018018 5.3
"sm-dnos-264" 228867.031988806 6721278.27127542 254 16.2162162162162 5.6
"sm-dnos-265" 228226.307091226 6721160.15678397 367 23.4234234234234 5.1
"sm-dnos-266" 228246.093376349 6721411.90391926 303 44.1441441441441 7.7
"sm-dnos-267" 228320.771390473 6720866.02589 265 81.981981981982 9.8
"sm-dnos-268" 228035.731966097 6719176.89439757 169 15.3153153153153 9
"sm-dnos-269" 228286.70036967 6719339.39762568 187 26.1261261261261 11.1
"sm-dnos-270" 228459.87924825 6719536.50883856 177 27.027027027027 11.9
"sm-dnos-271" 228383.43378241 6719191.20196042 255 32.4324324324324 21.4
"sm-dnos-272" 228249.601338501 6719046.51657364 177 21.6216216216216 18
"sm-dnos-273" 228373.136764042 6718884.10538854 259 46.8468468468468 14.6
"sm-dnos-274" 228093.49709709 6718933.12763349 166 12.6126126126126 18.9
"sm-dnos-275" 228199.888534625 6718622.42530631 170 52.2522522522522 49.6
"sm-dnos-276" 228361.121169555 6718552.0064888 231 45.9459459459459 19
"sm-dnos-277" 227737.909231655 6719048.30292423 130 13.5135135135135 5.8
"sm-dnos-278" 228215.29048378 6718031.17908783 114 11.7117117117117 4.1
"sm-dnos-279" 228377.314286351 6717791.82519163 43 5.40540540540541 2.4
"sm-dnos-280" 228969.690262827 6717737.16509122 94 9.90990990990991 4.1
"sm-dnos-281" 229008.162820957 6717388.53935901 116 11.7117117117117 6.8
"sm-dnos-282" 228029.820133452 6719500.57207776 235 12.6126126126126 3.4
"sm-dnos-283" 228122.686903458 6719783.93441954 313 104.504504504504 47.7
"sm-dnos-284" 227872.831989975 6720026.59254954 335 85.5855855855856 48.7
"sm-dnos-285" 227586.282136151 6719816.06924587 265 18.018018018018 16.7
"sm-dnos-286" 227574.849875749 6719504.61605649 42 5.40540540540541 2
"sm-dnos-287" 227768.316474375 6719364.76480812 168 17.1171171171171 6.4
"sm-dnos-288" 229569.428429512 6717497.50247328 252 81.0810810810811 42.4
"sm-dnos-289" 229440.011822849 6717286.70899832 296 56.7567567567568 45.5
"sm-dnos-290" 229303.361345074 6717507.94042327 102 10.8108108108108 8.3
"sm-dnos-291" 229186.11399738 6717178.73723751 124 12.6126126126126 7
"sm-dnos-292" 228316.500239202 6721679.07602036 273 25.2252252252252 11.4
"sm-dnos-293" 228681.245363565 6719292.59587067 313 27.027027027027 5.5
"sm-dnos-294" 230090.627116063 6719484.35635789 347 19.8198198198198 4.4
"sm-dnos-295" 230148.072810071 6718945.93610472 202 30.6306306306306 44.4
"sm-dnos-296" 230265.775993946 6718778.92921184 262 34.2342342342342 22.6
"sm-dnos-297" 230651.42432819 6718645.09729481 296 146.846846846847 55.5
"sm-dnos-298" 231015.895715165 6718597.71626187 170 64.8648648648649 9.2
"sm-dnos-299" 231205.777365778 6718503.65158975 146 9.00900900900901 8.1
"sm-dnos-300" 230893.507588401 6717858.40559062 121 9.90990990990991 9
"sm-dnos-301" 230701.752492312 6717986.36483225 119 9.00900900900901 7.3
"sm-dnos-302" 230915.525519027 6718245.09213089 61 13.5135135135135 4
"sm-dnos-303" 230632.960862863 6718985.99503576 256 86.4864864864865 47.3
"sm-dnos-304" 230693.585393383 6717100.36592801 117 15.3153153153153 22.9
"sm-dnos-305" 230707.592595163 6717505.38750086 65 7.20720720720721 2.3
"sm-dnos-306" 230477.839929701 6717706.42211367 72 9.90990990990991 2.4
"sm-dnos-307" 229973.679756117 6717278.06114912 88 9.00900900900901 3.3
"sm-dnos-308" 228737.649032665 6717438.57100718 60 5.40540540540541 2.7
"sm-dnos-309" 229064.216009974 6718008.13495816 145 17.1171171171171 6.2
"sm-dnos-310" 229282.250859924 6718237.4913773 128 12.6126126126126 13.5
"sm-dnos-311" 229258.916448034 6718449.25658792 78 11.7117117117117 6.6
"sm-dnos-312" 228727.602854335 6718734.60508572 246 90.990990990991 25.7
"sm-dnos-313" 229021.458633808 6718798.73210273 195 28.8288288288288 16.8
"sm-dnos-314" 229182.144937 6719392.78648892 344 24.3243243243243 4.7
"sm-dnos-315" 229528.113123896 6719097.39873987 241 33.3333333333333 9.7
"sm-dnos-316" 229236.956861156 6718917.09187619 229 20.7207207207207 7.3
"sm-dnos-317" 229061.229937457 6719049.96195473 153 46.8468468468468 9.3
"sm-dnos-318" 228652.706497646 6718281.2864953 202 129.72972972973 65.4
"sm-dnos-319" 228551.843276576 6718068.17822574 191 20.7207207207207 7.2
"sm-dnos-320" 228628.634007453 6717926.59841998 224 39.6396396396396 10.3
"sm-dnos-321" 228778.909088445 6718012.1061313 147 20.7207207207207 8.6
"sm-dnos-322" 228952.935049297 6718321.8307611 197 19.8198198198198 8
"sm-dnos-323" 228689.241287528 6717704.86403469 183 86.4864864864865 57.2
"sm-dnos-324" 230056.295579714 6719509.37751433 190 34.2342342342342 25.7
"sm-dnos-325" 230185.024052137 6719110.00868541 51 39.6396396396396 35.7
"sm-dnos-326" 230015.118624076 6719142.41601989 27 26.1261261261261 57.7
"sm-dnos-327" 230002.894119728 6719307.96756249 62 49.5495495495495 39.5
"sm-dnos-328" 229976.602646328 6719361.35919898 10 18.018018018018 41.5
"sm-dnos-329" 230029.213925022 6719221.18552806 163 50.4504504504504 60.8
"sm-dnos-330" 229892.512621474 6719182.72735596 85 36.9369369369369 64.4
"sm-dnos-331" 229836.512413991 6719202.0119166 55 30.6306306306306 37.1
"sm-dnos-332" 229806.725330255 6719822.85656173 412 36.9369369369369 7.6
"sm-dnos-333" 229472.158520116 6719713.39764688 262 39.6396396396396 17.2
"sm-dnos-334" 229403.826599873 6719645.07767385 134 101.801801801802 41.1
"sm-dnos-335" 229312.771135442 6719550.47196937 104 84.6846846846847 37.1
"sm-dnos-336" 229170.914883029 6719356.12875554 273 31.5315315315315 7
"sm-dnos-337" 229221.737155029 6719310.54175812 238 32.4324324324324 9.7
"sm-dnos-338" 229174.414086429 6719159.08263743 284 29.7297297297297 10.8
"sm-dnos-339" 228920.448249218 6719212.51759629 165 100 34.6
"sm-dnos-340" 229327.696888558 6719056.61967665 245 104.504504504504 45.3
